0.500000 -0.582905
0.500000 -0.582905
0.500000 -0.582905
0.500000 -0.580413
0.500000 -0.565444
0.500000 -0.534535
0.500000 -0.488500
0.500000 -0.432979
0.500000 -0.378077
0.500000 -0.326526
0.500000 -0.279960
0.500000 -0.240113
0.500000 -0.204672
0.500000 -0.175710
0.500000 -0.151215
0.500000 -0.129151
0.500000 -0.112163
0.500000 -0.097983
0.500000 -0.087266
0.500000 -0.087266
0.500000 -0.087266
0.500000 -0.087266
0.500000 -0.087266
0.500000 -0.087266
0.500000 -0.087266
0.500000 -0.087266
0.500000 0.000000
0.500000 0.000000
0.500000 0.000000
0.500000 0.000000
0.500000 0.000000
0.500000 0.000000
0.500000 0.000000
0.500000 0.000000
0.500000 0.000000
0.500000 0.000000
0.500000 0.000000
0.500000 0.000000
0.500000 0.000000
0.500000 0.000000
0.500000 0.000000
0.500000 0.000000
0.500000 0.000000
0.500000 0.087266
0.500000 0.087266
0.500000 0.087266
0.500000 0.000000
0.500000 0.000000
0.500000 0.000000
0.500000 0.000000
0.500000 0.000000
0.500000 0.000000
0.500000 0.000000
0.500000 0.000000
0.500000 0.000000
0.500000 0.000000
0.500000 0.000000
0.500000 0.000000
0.500000 0.000000
0.500000 0.000000
0.500000 0.000000
0.500000 0.000000
0.500000 0.000000
0.500000 0.000000
0.500000 0.000000
0.500000 0.000000
0.500000 -0.087266
0.500000 -0.087266
0.500000 -0.087266
0.500000 0.000000
0.247188 0.000000
0.234528 0.000000
0.221825 0.000000
0.209842 0.000000
0.198976 0.000000
0.189572 0.000000
0.181402 0.000000
0.174513 0.000000
0.168681 0.000000
0.164086 0.000000
0.159671 0.000000
0.155426 0.000000
0.151191 0.000000
0.147127 0.000000
0.143154 0.000000
0.143154 0.000000
0.135494 0.000000
0.131813 0.000000
0.128209 0.000000
0.124754 0.000000
0.124754 0.000000
0.121359 0.000000
0.118097 0.000000
0.114885 0.087266
0.111797 0.087266
0.108789 0.087266
0.105913 0.000000
0.103006 0.000000
0.100196 0.000000
0.100000 0.000000
0.100000 0.000000
0.100000 0.000000
0.100000 0.000000
0.100000 0.000000
0.100000 0.000000
0.100000 0.000000
0.100000 0.000000
0.100000 0.000000
0.100000 0.000000
0.100000 0.000000
0.100000 0.000000
0.100000 0.000000
0.100000 0.000000
0.100000 0.000000
0.100000 0.000000
0.100000 0.000000
0.100000 0.000000
0.100000 0.000000
0.100000 0.000000
0.100000 0.000000
0.100000 -0.087266
0.100000 -0.087266
0.100000 -0.087266
0.100000 0.000000
0.100000 0.000000
0.100000 0.000000
0.100000 0.000000
0.100000 0.000000
0.100000 0.000000
0.100000 0.000000
0.100000 0.000000
0.100000 0.000000
0.000000 0.000000
0.000000 -1.047198
0.000000 -1.047198
0.000000 -1.047198
0.000000 -1.047198
0.000000 -1.047198
0.000000 -1.047198
0.000000 -1.047198
0.000000 -1.047198
0.000000 -1.047198
0.000000 -1.047198
0.000000 -1.047198
0.000000 -1.047198
0.000000 -1.047198
0.000000 -1.047198
0.000000 -1.047198
0.000000 -1.047198
0.000000 -1.047198
0.000000 -1.047198
0.000000 -1.047198
0.000000 -1.047198
0.000000 -1.047198
0.000000 -1.047198
0.000000 -1.047198
0.000000 -1.047198
0.000000 -1.047198
0.000000 -1.047198
0.000000 -1.047198
0.000000 -1.047198
0.000000 -1.047198
0.000000 -1.047198
0.000000 -1.047198
0.000000 -1.047198
0.000000 -1.047198
0.000000 -1.047198
0.000000 -1.047198
0.000000 -1.047198
0.000000 -1.047198
0.000000 -1.047198
0.000000 -1.047198
0.000000 -1.047198
0.000000 -1.047198
0.000000 -1.047198
0.000000 -1.047198
0.000000 -1.047198
0.000000 -1.047198
0.000000 -1.014747
0.000000 -0.891101
0.000000 -0.767502
0.000000 -0.643409
0.000000 -0.519655
0.000000 -0.395740
0.000000 -0.306535
0.000000 -0.297174
0.000000 -0.295427
0.000000 -0.296597
0.000000 -0.296836
0.000000 -0.296712
0.000000 -0.296712
0.000000 -0.296728
0.000000 -0.296705
0.000000 -0.296720
0.000000 -0.296728
0.000000 -0.296728
0.000000 -0.296728
0.000000 -0.296735
0.000000 -0.296728
0.000000 -0.296720
0.000000 -0.296728
0.000000 -0.296735
0.000000 -0.296735
0.000000 -0.296751
0.000000 -0.296759
0.000000 -0.296759
0.000000 -0.296766
0.000000 -0.296782
0.000000 -0.296789
0.000000 -0.296789
0.000000 -0.296805
0.000000 -0.296805
0.000000 -0.296812
0.000000 -0.296812
0.000000 -0.296805
0.000000 -0.296812
0.000000 -0.296820
0.000000 -0.296812
0.000000 -0.296828
0.000000 -0.296836
0.000000 -0.296843
0.000000 -0.296843
0.000000 -0.296851
0.000000 -0.296851
0.000000 -0.296859
0.000000 -0.296859
0.000000 -0.296866
0.000000 -0.296859
0.000000 -0.296859
0.000000 -0.296859
0.000000 -0.296866
0.000000 -0.296866
0.000000 -0.296874
0.000000 -0.296874
0.000000 -0.296866
0.000000 -0.296874
0.000000 -0.296874
0.000000 -0.296866
0.000000 -0.296866
0.000000 -0.296874
0.000000 -0.296874
0.000000 -0.296874
0.000000 -0.296874
0.000000 -0.296874
0.000000 -0.296866
0.000000 -0.296866
0.000000 -0.296874
0.000000 -0.296866
0.000000 -0.296866
0.000000 -0.296866
0.000000 -0.296866
0.000000 -0.296866
0.000000 -0.296859
0.000000 -0.296859
0.000000 -0.296859
0.000000 -0.296859
0.000000 -0.296851
0.000000 -0.296859
0.000000 -0.296859
0.000000 -0.296851
0.000000 -0.296851
0.000000 -0.296859
0.000000 -0.296859
0.000000 -0.296859
0.000000 -0.296859
0.000000 -0.296859
0.000000 -0.296859
0.000000 -0.296859
0.000000 -0.296851
0.000000 -0.296851
0.000000 -0.296851
0.000000 -0.296859
0.000000 -0.296851
0.000000 -0.296859
0.000000 -0.296859
0.000000 -0.296851
0.000000 -0.296859
0.000000 -0.296851
0.000000 -0.296859
0.000000 -0.296859
0.000000 -0.296851
0.000000 -0.296859
0.000000 -0.296859
0.000000 -0.296859
0.000000 -0.296859
0.000000 -0.296851
0.000000 -0.296859
0.000000 -0.296851
0.000000 -0.296851
0.000000 -0.296843
0.000000 -0.296851
0.000000 -0.296851
0.000000 -0.296851
0.000000 -0.296851
0.000000 -0.296851
0.000000 -0.296851
0.000000 -0.296851
0.000000 -0.296851
0.000000 -0.296851
0.000000 -0.296843
0.000000 -0.296851
0.000000 -0.296843
0.000000 -0.296843
0.000000 -0.296843
0.000000 -0.296843
0.000000 -0.296843
0.000000 -0.296843
0.000000 -0.296843
0.000000 -0.296836
0.000000 -0.296843
0.000000 -0.296843
0.000000 -0.296843
0.000000 -0.296843
0.000000 -0.296836
0.000000 -0.296843
0.000000 -0.296836
0.000000 -0.296843
0.000000 -0.296843
0.000000 -0.296843
0.000000 -0.296843
0.000000 -0.296843
0.000000 -0.296843
0.000000 -0.296843
0.000000 -0.296843
0.000000 -0.296843
0.000000 -0.296843
0.000000 -0.296843
0.000000 -0.296843
0.000000 -0.296843
0.000000 -0.296843
0.000000 -0.296843
0.000000 -0.296843
0.000000 -0.296843
0.000000 -0.296843
0.000000 -0.296843
0.000000 -0.296843
0.000000 -0.296843
0.000000 -0.296843
0.000000 -0.296843
0.000000 -0.296843
0.000000 -0.296843
0.000000 -0.296843
0.000000 -0.296843
0.000000 -0.296843
0.000000 -0.296843
0.000000 -0.296843
0.000000 -0.296843
0.000000 -0.296843
0.000000 -0.296843
0.000000 -0.296843
0.000000 -0.296843
0.000000 -0.296836
0.000000 -0.296836
0.000000 -0.296836
0.000000 -0.296836
0.000000 -0.296836
0.000000 -0.296836
0.000000 -0.296836
0.000000 -0.296836
0.000000 -0.296836
0.000000 -0.296836
0.000000 -0.296836
0.000000 -0.296836
0.000000 -0.296836
0.000000 -0.296836
0.000000 -0.296836
0.000000 -0.296836
0.000000 -0.296836
0.000000 -0.296836
0.000000 -0.296836
0.000000 -0.296828
0.000000 -0.296836
0.000000 -0.296836
0.000000 -0.296851
0.000000 -0.296851
0.000000 -0.296851
0.000000 -0.296851
0.000000 -0.296851
0.000000 -0.296851
0.000000 -0.296851
0.000000 -0.296851
0.000000 -0.296851
0.000000 -0.296851
0.000000 -0.296859
0.000000 -0.296859
0.000000 -0.296859
0.000000 -0.296859
0.000000 -0.296859
0.000000 -0.296859
0.000000 -0.296859
0.000000 -0.296859
0.000000 -0.296851
0.000000 -0.296851
0.000000 -0.296859
0.000000 -0.296843
0.000000 -0.296851
0.000000 -0.296859
0.000000 -0.296859
0.000000 -0.296859
0.000000 -0.296859
0.000000 -0.296859
0.000000 -0.296859
0.000000 -0.296851
0.000000 -0.296828
0.000000 -0.296836
0.000000 -0.296843
0.000000 -0.296836
0.000000 -0.296836
0.000000 -0.296843
0.000000 -0.296843
0.000000 -0.296843
0.000000 -0.296836
0.000000 -0.296836
0.000000 -0.296836
0.000000 -0.296836
0.000000 -0.296843
0.000000 -0.296836
0.000000 -0.296836
0.000000 -0.296836
0.000000 -0.296843
0.000000 -0.296843
0.000000 -0.296836
0.000000 -0.296836
0.000000 -0.296836
0.000000 -0.296836
0.000000 -0.296843
0.000000 -0.296828
0.000000 -0.296836
0.000000 -0.296836
0.000000 -0.296836
0.000000 -0.296836
0.000000 -0.296843
0.000000 -0.296836
0.000000 -0.296843
0.000000 -0.296843
0.000000 -0.296843
0.000000 -0.296843
0.000000 -0.296836
0.000000 -0.296843
0.000000 -0.296836
0.000000 -0.296836
0.000000 -0.296836
0.000000 -0.296843
0.000000 -0.296843
0.000000 -0.296836
0.000000 -0.296843
0.000000 -0.296836
0.000000 -0.296836
0.000000 -0.296843
0.000000 -0.296836
0.000000 -0.296843
0.000000 -0.296836
0.000000 -0.296836
0.000000 -0.296836
0.000000 -0.296843
0.000000 -0.296828
0.000000 -0.296828
0.000000 -0.296836
0.000000 -0.296836
0.000000 -0.296843
0.000000 -0.296828
0.000000 -0.296836
0.000000 -0.296843
0.000000 -0.296836
0.000000 -0.296836
0.000000 -0.296828
0.000000 -0.296836
0.000000 -0.296836
0.000000 -0.296836
0.000000 -0.296836
0.000000 -0.296843
0.000000 -0.296828
0.000000 -0.296836
0.000000 -0.296843
0.000000 -0.296836
0.000000 -0.296843
0.000000 -0.296843
0.000000 -0.296836
0.000000 -0.296843
0.000000 -0.296836
0.000000 -0.296836
0.000000 -0.296843
0.000000 -0.296843
0.000000 -0.296836
0.000000 -0.296843
0.000000 -0.296843
0.000000 -0.296836
0.000000 -0.296828
0.000000 -0.296843
0.000000 -0.296843
0.000000 -0.296836
0.000000 -0.296836
0.000000 -0.296843
0.000000 -0.296836
0.000000 -0.296843
0.000000 -0.296828
0.000000 -0.296836
0.000000 -0.296836
0.000000 -0.296843
0.000000 -0.296836
0.000000 -0.296843
0.000000 -0.296836
0.000000 -0.296836
0.000000 -0.296836
0.000000 -0.296843
0.000000 -0.296843
0.000000 -0.296836
0.000000 -0.296843
0.000000 -0.296828
0.000000 -0.296843
0.000000 -0.296843
0.000000 -0.296843
0.000000 -0.296843
0.000000 -0.296843
0.000000 -0.296836
0.000000 -0.296843
0.000000 -0.296836
0.000000 -0.296843
0.000000 -0.296843
0.000000 -0.296843
0.000000 -0.296843
0.000000 -0.296843
0.000000 -0.296843
0.000000 -0.296836
0.000000 -0.296836
0.000000 -0.296836
0.000000 -0.296836
0.000000 -0.296836
0.000000 -0.296843
0.000000 -0.296836
0.000000 -0.296851
0.000000 -0.296851
0.000000 -0.296851
0.000000 -0.296851
0.000000 -0.296859
0.000000 -0.296859
0.000000 -0.296859
0.000000 -0.296859
0.000000 -0.296859
0.000000 -0.296859
0.000000 -0.296859
0.000000 -0.296859
0.000000 -0.296859
0.000000 -0.296859
0.000000 -0.296859
0.000000 -0.296859
0.000000 -0.296859
0.000000 -0.296859
0.000000 -0.296859
0.000000 -0.296859
0.000000 -0.296859
0.000000 -0.296851
0.000000 -0.296851
0.000000 -0.296859
0.000000 -0.296859
0.000000 -0.296851
0.000000 -0.296836
0.000000 -0.296843
0.000000 -0.296843
0.000000 -0.296836
0.000000 -0.296843
0.000000 -0.296843
0.000000 -0.296843
0.000000 -0.296843
0.000000 -0.296843
0.000000 -0.296843
0.000000 -0.296843
0.000000 -0.296836
0.000000 -0.296836
0.000000 -0.296836
0.000000 -0.296836
0.000000 -0.296843
0.000000 -0.296843
0.000000 -0.296836
0.000000 -0.296836
0.000000 -0.296843
0.000000 -0.296836
0.000000 -0.296836
0.000000 -0.296836
0.000000 -0.296843
0.000000 -0.296836
0.000000 -0.296843
0.000000 -0.296843
0.000000 -0.296836
0.000000 -0.296836
0.000000 -0.296843
0.000000 -0.296843
0.000000 -0.296843
0.000000 -0.296843
0.000000 -0.296828
0.000000 -0.296843
0.000000 -0.296836
0.000000 -0.296843
0.000000 -0.296843
0.000000 -0.296851
0.000000 -0.296836
0.000000 -0.296843
0.000000 -0.296843
0.000000 -0.296836
0.000000 -0.296836
0.000000 -0.296843
0.000000 -0.296836
0.000000 -0.296836
0.000000 -0.296836
0.000000 -0.296843
0.000000 -0.296843
0.000000 -0.296836
0.000000 -0.296836
0.000000 -0.296843
0.000000 -0.296836
0.000000 -0.296836
0.000000 -0.296836
0.000000 -0.296843
0.000000 -0.296836
0.000000 -0.296843
0.000000 -0.296836
0.000000 -0.296836
0.000000 -0.296843
0.000000 -0.296843
0.000000 -0.296843
0.000000 -0.296843
0.000000 -0.296836
0.000000 -0.296843
0.000000 -0.296843
0.000000 -0.296843
0.000000 -0.296843
0.000000 -0.296843
0.000000 -0.296843
0.000000 -0.296828
0.000000 -0.296836
0.000000 -0.296843
0.000000 -0.296836
0.000000 -0.296843
0.000000 -0.296843
0.000000 -0.296843
0.000000 -0.296843
0.000000 -0.296843
0.000000 -0.296843
0.000000 -0.296843
0.000000 -0.296843
0.000000 -0.296828
0.000000 -0.296836
0.000000 -0.296843
0.000000 -0.296836
0.000000 -0.296843
0.000000 -0.296843
0.000000 -0.296843
0.000000 -0.296843
0.000000 -0.296836
0.000000 -0.296836
0.000000 -0.296843
0.000000 -0.296843
0.000000 -0.296843
0.000000 -0.296836
0.000000 -0.296836
0.000000 -0.296843
0.000000 -0.296836
0.000000 -0.296843
0.000000 -0.296836
0.000000 -0.296836
0.000000 -0.296836
0.000000 -0.296836
0.000000 -0.296836
0.000000 -0.296828
0.000000 -0.296836
0.000000 -0.296836
0.000000 -0.296828
0.000000 -0.296836
0.000000 -0.296843
0.000000 -0.296836
0.000000 -0.296843
0.000000 -0.296851
0.000000 -0.296851
0.000000 -0.296851
0.000000 -0.296843
0.000000 -0.296851
0.000000 -0.296851
0.000000 -0.296843
0.000000 -0.296851
0.000000 -0.296851
0.000000 -0.296851
0.000000 -0.296843
0.000000 -0.296843
0.000000 -0.296843
0.000000 -0.296843
0.000000 -0.296851
0.000000 -0.296843
0.000000 -0.296859
0.000000 -0.296859
0.000000 -0.296859
0.000000 -0.296859
0.000000 -0.296859
0.000000 -0.296859
0.000000 -0.296859
0.000000 -0.296859
0.000000 -0.296859
0.000000 -0.296859
0.000000 -0.296859
0.000000 -0.296859
0.000000 -0.296859
0.000000 -0.296859
0.000000 -0.296859
0.000000 -0.296859
0.000000 -0.296859
0.000000 -0.296859
0.000000 -0.296859
0.000000 -0.296859
0.000000 -0.296859
0.000000 -0.296859
0.000000 -0.296859
0.000000 -0.296859
0.000000 -0.296866
0.000000 -0.296859
0.000000 -0.296866
0.000000 -0.296866
0.000000 -0.296866
0.000000 -0.296859
0.000000 -0.296866
0.000000 -0.296859
0.000000 -0.296859
0.000000 -0.296859
0.000000 -0.296859
0.000000 -0.296859
0.000000 -0.296851
0.000000 -0.296859
0.000000 -0.296843
0.000000 -0.296836
0.000000 -0.296836
0.000000 -0.296836
0.000000 -0.296843
0.000000 -0.296843
0.000000 -0.296836
0.000000 -0.296843
0.000000 -0.296843
0.000000 -0.296843
0.000000 -0.296836
0.000000 -0.296843
0.000000 -0.296843
0.000000 -0.296836
0.000000 -0.296836
0.000000 -0.296836
0.000000 -0.296836
0.000000 -0.296836
